-2.336561679840088
-2.1389193534851074
-2.392707347869873
-2.0993564128875732
-2.080186367034912
-2.0764987468719482
-2.286301851272583
-2.500850200653076
-3.1148529052734375
-2.3755078315734863
-2.2432899475097656
-3.6201980113983154
-3.316577434539795
-2.2293920516967773
-2.5546889305114746
-2.5971686840057373
-1.978124976158142
-4.389204978942871
-2.6237411499023438
-2.5960402488708496
-2.9846341609954834
-2.574995279312134
-1.9419790506362915
-3.8989503383636475
-4.061188220977783
-2.299999237060547
-2.8417184352874756
-2.0585241317749023
-2.3190865516662598
-2.263862371444702
-2.6572844982147217
-2.2049076557159424
-3.844675064086914
-2.3649396896362305
-2.622326135635376
-2.5750460624694824
-2.0866811275482178
-2.993089437484741
-3.364840269088745
-2.812973976135254
-2.3880629539489746
-3.46095609664917
-2.7018914222717285
-2.8864049911499023
-2.4916839599609375
-2.259951114654541
-2.4109554290771484
-2.1641628742218018
-2.204416513442993
-2.229365825653076
-2.4703919887542725
-2.6293375492095947
-2.539992094039917
-2.036341667175293
-2.115389823913574
-2.406081438064575
-2.726696252822876
-2.4833507537841797
-2.0867204666137695
-3.014155626296997
-2.3751978874206543
-2.0606632232666016
-3.7750253677368164
-2.7612464427948
-1.9389444589614868
-2.1824374198913574
-2.1932406425476074
-7.54248571395874
-2.5741872787475586
-5.743708610534668
-2.827404737472534
-2.4088804721832275
-2.276603937149048
-2.4868288040161133
-2.299193859100342
-2.829432725906372
-2.272322416305542
-2.856935739517212
-2.2600910663604736
-2.299450159072876
-2.2048442363739014
-2.4162139892578125
-2.2623579502105713
-2.4537196159362793
-2.17275071144104
-2.078963041305542
-2.2607290744781494
-2.3711934089660645
-3.201981544494629
-2.119499683380127
-3.150404453277588
-3.8604536056518555
-2.6462819576263428
-2.681187629699707
-2.364312171936035
-1.9655934572219849
-2.7835137844085693
-4.5570878982543945
-1.9979060888290405
-2.6458261013031006
